57
357
9201
83567
923577
40
577
9166
10166
504758
26
974
5682
85126
244685
01
068
3411
64569
203647
73
947
1543
32170
606584
19
835
1287
62331
084340
92
691
1614
62986
869692
69
422
1468
04981
310763
48
842
8645
70278
064374
91
191
7084
20302
133154
80
566
0275
57190
796407
45
802
4095
00790
832129
86
886
6464
91732
585703
97
733
4612
43133
698331
62
651
8311
45649
724250
50
453
9078
66020
524638
82
849
0274
34694
613476
35
648
0576
01745
017539
47
866
5743
29288
818710
95
164
3080
37696
638018
