89504793393571145727
23329417666287396006
91688805133620276778
64983703028815745132
62938122755345390587
99859511364027456574
81429427611342366970
30677856692632068605
52113694263746017182
11921511250033997092
10514286851809963975
63516467968701448563
67949368166863274611
74631265421180499483
84936544316018282947
48450609546812281175
98453990763349867420
66086113078462195091
43238506215983853263
30172341293753426536
75127791472569486012
21123962651827749683
94428154515224623349
88050451898342854792
73870389594639647101
59301888238808349891
75196671445599502039
61529282449367846829
48923804801354636685
38311623682786897489
43189444235642501019
33883017518498536665
56263311708737398525
68427838218325315800
10153626451202107095
69590476869242267911
70488108054218002374
79568058630321419170
81737857212463949024
34642497032273041952
45315676587096067346
84785399639500690695
81271300280232194288
94072881588002700268
23437493319189290028
26086384643565008048
26103906859921323194
53749592759332633888
24678544907248524706
42717131181562836662
44588364963307393013
85621481069774351434
46825129460170403278
12467940844952913657
72168198965172416389
77028826041080098314
95924942590896547694
83839441680448910522
30384542732536984290
64202420109323475437
29149783631572408556
87343039110929307137
97641354009273272698
96821746235895030293
19266190345005843179
42181910348032035399
76125344590052447359
74189775338193573520
35482017015760733881
48294593547223990730
86950937837054870030
39677364948500837916
79094004214461782764
56757630939484773963
90761600718795352060
51455557502370165824
84221212155866637670
67843039352423634686
32753411323900461388
46031255899671535185
12783353847494306943
82952305974169437879
25852693107405354313
70459578436219106070
98392998209698465357
71615175423037027139
43253933562174661705
62370907594640348685
83852554682853575367
41748120525917830462
18335977001631414376
67170348085778652928
20430343194026114589
50151658604043141629
94939700921140446717
84992395622616936137
70526340290874967319
43269063573630475735
21320197201351212510
39813145931031736980
